WER: 0.0666667

WER: 6.66667%
