WER: 0.0444444

WER: 4.44444%
