WER: 0.0888889

WER: 8.88889%
