WER: 0.0222222

WER: 2.22222%
